-01 -01 -01 -01 -01 -01 -01 -01 -01 -01 -01 -01 -01 -01 -01 -01 -01 -01 -01 -01 -01 -01 -01 -01 -01 -01 -01 -01 
-01 000 001 002 003 004 005 006 007 008 009 010 011 -01 -01 012 013 014 015 016 017 018 019 020 021 022 023 -01 
-01 024 -01 -01 -01 -01 025 -01 -01 -01 -01 -01 026 -01 -01 027 -01 -01 -01 -01 -01 028 -01 -01 -01 -01 029 -01 
-01 030 -01 -05 -05 -01 031 -01 -05 -05 -05 -01 032 -01 -01 033 -01 -05 -05 -05 -01 034 -01 -05 -05 -01 035 -01 
-01 036 -01 -01 -01 -01 037 -01 -01 -01 -01 -01 038 -01 -01 039 -01 -01 -01 -01 -01 040 -01 -01 -01 -01 041 -01 
-01 042 043 044 045 046 047 048 049 050 051 052 053 054 055 056 057 058 059 060 061 062 063 064 065 066 067 -01 
-01 068 -01 -01 -01 -01 069 -01 -01 070 -01 -01 -01 -01 -01 -01 -01 -01 071 -01 -01 072 -01 -01 -01 -01 073 -01 
-01 074 -01 -01 -01 -01 075 -01 -01 076 -01 -01 -01 -01 -01 -01 -01 -01 077 -01 -01 078 -01 -01 -01 -01 079 -01 
-01 080 081 082 083 084 085 -01 -01 086 087 088 089 -01 -01 090 091 092 093 -01 -01 094 095 096 097 098 099 -01 
-01 -01 -01 -01 -01 -01 100 -01 -01 -01 -01 -01 101 -01 -01 102 -01 -01 -01 -01 -01 103 -01 -01 -01 -01 -01 -01 
-05 -05 -05 -05 -05 -01 104 -01 -01 -01 -01 -01 105 -01 -01 106 -01 -01 -01 -01 -01 107 -01 -05 -05 -05 -05 -05 
-05 -05 -05 -05 -05 -01 108 -01 -01 109 110 111 112 113 114 115 116 117 118 -01 -01 119 -01 -05 -05 -05 -05 -05 
-05 -05 -05 -05 -05 -01 120 -01 -01 121 -01 -01 -01 122 123 -01 -01 -01 124 -01 -01 125 -01 -05 -05 -05 -05 -05 
-01 -01 -01 -01 -01 -01 126 -01 -01 127 -01 303 304 305 306 307 308 -01 128 -01 -01 129 -01 -01 -01 -01 -01 -01 
130 131 132 133 134 135 136 137 138 139 -01 314 313 312 311 310 309 -01 140 141 142 143 144 145 146 147 148 149 
-01 -01 -01 -01 -01 -01 150 -01 -01 151 -01 315 316 317 318 319 320 -01 152 -01 -01 153 -01 -01 -01 -01 -01 -01 
-05 -05 -05 -05 -05 -01 154 -01 -01 155 -01 -01 -01 -01 -01 -01 -01 -01 156 -01 -01 157 -01 -05 -05 -05 -05 -05 
-05 -05 -05 -05 -05 -01 158 -01 -01 159 160 161 162 163 164 165 166 167 168 -01 -01 169 -01 -05 -05 -05 -05 -05 
-05 -05 -05 -05 -05 -01 170 -01 -01 171 -01 -01 -01 -01 -01 -01 -01 -01 172 -01 -01 173 -01 -05 -05 -05 -05 -05 
-01 -01 -01 -01 -01 -01 174 -01 -01 175 -01 -01 -01 -01 -01 -01 -01 -01 176 -01 -01 177 -01 -01 -01 -01 -01 -01 
-01 178 179 180 181 182 183 184 185 186 187 188 189 -01 -01 190 191 192 193 194 195 196 197 198 199 200 201 -01 
-01 202 -01 -01 -01 -01 203 -01 -01 -01 -01 -01 204 -01 -01 205 -01 -01 -01 -01 -01 206 -01 -01 -01 -01 207 -01 
-01 208 -01 -01 -01 -01 209 -01 -01 -01 -01 -01 210 -01 -01 211 -01 -01 -01 -01 -01 212 -01 -01 -01 -01 213 -01 
-01 214 215 216 -01 -01 217 218 219 220 221 222 223 224 225 226 227 228 229 230 231 232 -01 -01 233 234 235 -01 
-01 -01 -01 236 -01 -01 237 -01 -01 238 -01 -01 -01 -01 -01 -01 -01 -01 239 -01 -01 240 -01 -01 241 -01 -01 -01 
-01 -01 -01 242 -01 -01 243 -01 -01 244 -01 -01 -01 -01 -01 -01 -01 -01 245 -01 -01 246 -01 -01 247 -01 -01 -01 
-01 248 249 250 251 252 253 -01 -01 254 255 256 257 -01 -01 258 259 260 261 -01 -01 262 263 264 265 266 267 -01 
-01 268 -01 -01 -01 -01 -01 -01 -01 -01 -01 -01 269 -01 -01 270 -01 -01 -01 -01 -01 -01 -01 -01 -01 -01 271 -01 
-01 272 -01 -01 -01 -01 -01 -01 -01 -01 -01 -01 273 -01 -01 274 -01 -01 -01 -01 -01 -01 -01 -01 -01 -01 275 -01 
-01 276 277 278 279 280 281 282 283 284 285 286 287 288 289 290 291 292 293 294 295 296 297 298 299 300 301 -01 
-01 -01 -01 -01 -01 -01 -01 -01 -01 -01 -01 -01 -01 -01 -01 -01 -01 -01 -01 -01 -01 -01 -01 -01 -01 -01 -01 -01 
